far_pesq =  2.25776
near_pesq =  2.34079
real_pesq =  1.83094
